<?xml version="1.0"?>
<opencv_storage>
<rotation type_id="opencv-matrix">
  <rows>11</rows>
  <cols>3</cols>
  <dt>f</dt>
  <data>
    -1.03704788e-001 -3.25967813e+000 1.93420388e-002 1.56789780e-001
    2.59691453e+000 -1.82039067e-002 -1.07907698e-001 -2.83460855e+000
    -3.50186438e-003 -2.47264624e+000 -5.15354909e-002 -1.34614602e-001
    8.39803219e-002 2.91910338e+000 -4.58214104e-001 8.92033279e-002
    2.92489958e+000 -4.22498763e-001 3.94182950e-002 -2.59642076e+000
    4.56964560e-002 1.89771760e+000 1.71135974e+000 5.20217299e-001
    8.31063762e-002 2.74613667e+000 4.28479403e-001 -1.25356638e+000
    -2.71220660e+000 -5.30412436e-001 -8.15181613e-001 -3.11617470e+000
    2.97057629e-001</data></rotation>
</opencv_storage>
