<?xml version="1.0"?>
<opencv_storage>
<translation type_id="opencv-matrix">
  <rows>11</rows>
  <cols>3</cols>
  <dt>f</dt>
  <data>
    -1.70942795e+000 -2.48692966e+000 1.61702938e+001 -1.18479109e+000
    -2.48308563e+000 1.59949932e+001 -7.93931365e-001 -2.94693756e+000
    1.43968611e+001 -6.29184961e+000 2.36866212e+000 1.66667614e+001
    -6.85406476e-002 -3.30107880e+000 1.56825266e+001 -1.77278891e-001
    -3.04264832e+000 1.54642258e+001 1.39077210e+000 -3.77993488e+000
    1.15898438e+001 -4.94108295e+000 -3.34869695e+000 1.33036003e+001
    -9.86853600e-001 -4.30861139e+000 1.59487658e+001 -5.66027164e+000
    -3.18045712e+000 1.22536573e+001 -2.24806070e+000 -4.37138510e+000
    1.33314896e+001</data></translation>
</opencv_storage>
