<?xml version="1.0"?>
<opencv_storage>
<Intrinsics type_id="opencv-matrix">
  <rows>3</rows>
  <cols>3</cols>
  <dt>f</dt>
  <data>
    6.22329041e+002 0. 2.86700317e+002 0. 6.13164246e+002
    2.44671097e+002 0. 0. 1.</data></Intrinsics>
</opencv_storage>
