<?xml version="1.0"?>
<opencv_storage>
<rotation type_id="opencv-matrix">
  <rows>8</rows>
  <cols>3</cols>
  <dt>f</dt>
  <data>
    -1.41480863e-001 -2.94061446e+000 -3.62481296e-001 -6.86968148e-001
    -2.92579842e+000 -1.81187257e-001 5.62623918e-001 2.58769894e+000
    1.00182571e-001 7.81180978e-001 -2.96062636e+000 -1.19005263e-001
    -4.68133211e-001 2.60338020e+000 7.16186967e-003 2.06085348e+000
    -2.30132818e+000 1.81989642e-004 1.07220435e+000 -2.77460766e+000
    2.20519096e-001 -1.16855848e+000 2.50511980e+000 -7.02661216e-001</data></rotation>
</opencv_storage>
