<?xml version="1.0"?>
<opencv_storage>
<translation type_id="opencv-matrix">
  <rows>8</rows>
  <cols>3</cols>
  <dt>f</dt>
  <data>
    2.98720241e+000 -1.61328351e+000 1.39345779e+001 1.89417410e+000
    -3.36644745e+000 1.25127888e+001 2.67442417e+000 -3.47243905e+000
    1.39401760e+001 3.33026505e+000 -1.71155348e-001 1.23596067e+001
    3.84199071e+000 -9.36925471e-001 1.43251438e+001 2.79227924e+000
    3.08656931e+000 1.34323721e+001 3.80870605e+000 2.24541903e-001
    1.29218864e+001 3.38110685e+000 7.55748570e-001 1.41427450e+001</data></translation>
</opencv_storage>
