<?xml version="1.0"?>
<opencv_storage>
<Intrinsics type_id="opencv-matrix">
  <rows>3</rows>
  <cols>3</cols>
  <dt>f</dt>
  <data>
    2.98533966e+002 0. 1.41130600e+002 0. 3.19445435e+002
    1.61522751e+002 0. 0. 1.</data></Intrinsics>
</opencv_storage>
