<?xml version="1.0"?>
<opencv_storage>
<rotation type_id="opencv-matrix">
  <rows>11</rows>
  <cols>3</cols>
  <dt>f</dt>
  <data>
    1.87245119e+000 2.39817333e+000 -9.99846533e-002 2.11369038e+000
    2.03440309e+000 4.42373693e-001 2.40346983e-001 -2.74431181e+000
    -1.43352285e-001 -3.61396410e-002 3.05231142e+000 5.01965225e-001
    -4.19284850e-002 -2.42151165e+000 -1.27869225e+000 -6.01626754e-001
    2.31779909e+000 8.10478091e-001 1.72984874e+000 -2.08500624e+000
    1.10151671e-001 -1.43363625e-001 -3.00902414e+000 1.94286495e-001
    -5.80102578e-002 -2.79789186e+000 8.41903239e-002 -1.46645173e-001
    -2.78941584e+000 -5.95810190e-002 -3.47188227e-002 -2.84184265e+000
    8.15268233e-003</data></rotation>
</opencv_storage>
