<?xml version="1.0"?>
<opencv_storage>
<translation type_id="opencv-matrix">
  <rows>11</rows>
  <cols>3</cols>
  <dt>f</dt>
  <data>
    -1.31640112e+000 -4.93302202e+000 1.37603102e+001 -1.43515670e+000
    -4.72947836e+000 1.19881678e+001 3.28397036e+000 -3.60628986e+000
    1.04197865e+001 2.37543225e+000 -5.72847223e+000 1.96170483e+001
    1.77719367e+000 -4.95543242e+000 1.72586575e+001 2.64600921e+000
    -3.84995651e+000 1.83643646e+001 8.25261533e-001 -1.81575000e-001
    1.33775101e+001 3.77262497e+000 -2.30124164e+000 1.50721750e+001
    4.76497126e+000 -3.19717598e+000 1.38489809e+001 5.06311560e+000
    -3.17764783e+000 1.41386623e+001 4.42795324e+000 -2.06343532e+000
    1.42105980e+001</data></translation>
</opencv_storage>
