<?xml version="1.0"?>
<opencv_storage>
<Intrinsics type_id="opencv-matrix">
  <rows>3</rows>
  <cols>3</cols>
  <dt>f</dt>
  <data>
    2.87771820e+002 0. 1.47992264e+002 0. 2.93816406e+002
    9.20648422e+001 0. 0. 1.</data></Intrinsics>
</opencv_storage>
