<?xml version="1.0"?>
<opencv_storage>
<rotation type_id="opencv-matrix">
  <rows>7</rows>
  <cols>3</cols>
  <dt>f</dt>
  <data>
    1.75529766e+000 2.25434327e+000 -2.39192694e-001 1.89259982e+000
    1.90960038e+000 2.55881727e-001 1.82466775e-001 -2.73781490e+000
    1.00673385e-001 -2.96137054e-002 3.02428007e+000 -2.15424761e-001
    -9.15369168e-002 -2.56480765e+000 -1.00401354e+000 -6.90605640e-001
    2.39852309e+000 5.09594023e-001 1.57954097e+000 -2.00801301e+000
    3.23181123e-001</data></rotation>
</opencv_storage>
