<?xml version="1.0"?>
<opencv_storage>
<translation type_id="opencv-matrix">
  <rows>7</rows>
  <cols>3</cols>
  <dt>f</dt>
  <data>
    -1.66806901e+000 -1.76077414e+000 1.34089794e+001 -1.69813335e+000
    -1.97040355e+000 1.16724606e+001 2.95589876e+000 -1.13203061e+000
    1.02243090e+001 1.83318603e+000 -1.23466861e+000 2.00598545e+001
    1.31798649e+000 -9.94846642e-001 1.69465733e+001 2.16825509e+000
    3.09125245e-001 1.79778957e+001 5.37589431e-001 2.76984286e+000
    1.20061951e+001</data></translation>
</opencv_storage>
